%%MatrixMarket matrix coordinate real general
1728 1728 8108
625 625  0.01397990453619329
626 625 0.001397990411955971
627 625  0.00139799030779757
637 625   0.1541346365503338
638 625  0.01586163602981046
639 625  0.03187484452754948
649 625    0.158532030959083
650 625  0.01526964644224993
651 625  0.05242224772738761
769 625   0.1238477356194467
770 625  0.01255646637577716
771 625  0.01427339732069069
781 625   0.1620896507041883
782 625 0.006532724682202294
783 625   0.1606774150678346
784 625 0.005170329198311866
793 625   0.2055301438822395
794 625  0.01184532167265727
795 625   0.1460049191416466
796 625 0.008122786273935652
805 625   0.1564069828016423
806 625  0.00724386938532218
807 625   0.1508195367443451
808 625 0.007322298663359402
913 625   0.0447499409923219
914 625 0.004499865681505263
915 625 0.004748582510034264
925 625   0.3134772886837925
926 625  0.02185046514110237
927 625   0.2067241545963747
928 625 0.008217057283004739
937 625   0.1922739965014975
938 625  0.02006563578255977
939 625  0.05031313489362229
949 625   0.1380543094998178
950 625 0.003777100733199452
951 625   0.1614749879517623
952 625 0.008217057283004739
1069 625  0.04118179147702443
1070 625 0.0001651233730896361
1071 625   0.0547873501487253
1072 625 0.003393101445116558
1081 625   0.1081222299231732
1082 625 0.0006827376804215353
1083 625   0.1417474377978342
1084 625 0.008122786273935638
1093 625  0.02737571546145321
1095 625  0.05374758300142227
1096 625 0.005545070910164094
625 626 0.001397990411955971
626 626  0.01118392329564775
637 626  0.02162737652472347
638 626     0.12977595848594
649 626  0.03676372824623637
650 626   0.1329042124399925
769 626  0.01255646637577716
770 626   0.1004517310062171
781 626   0.1324822076128729
782 626   0.1162811517666479
783 626 0.002089225687388527
793 626   0.1224184477169989
794 626   0.1521023993759596
795 626 0.004106525945061584
805 626   0.1210794281071466
806 626   0.1166675173268142
807 626 0.003597565766649263
913 626 0.004499865681505263
914 626  0.03599892545204205
925 626    0.161741974677468
926 626   0.2468195645691908
927 626 0.004140177344378587
937 626  0.03099820222989666
938 626   0.1659913694841464
949 626   0.1327360438222281
950 626  0.09676636608229923
951 626 0.004140177344378587
1069 626  0.04725471164510383
1070 626  0.02570745801297676
1071 626 0.001683353784505166
1081 626   0.1218173790814126
1082 626  0.06808248511639861
1083 626 0.004106525945061582
1093 626  0.04014249001559181
1094 626  0.02166709193967885
1095 626 0.003191693863765899
625 627  0.00139799030779757
627 627  0.01397990391124288
628 627 0.001397990724431173
637 627  0.01381214119434353
639 627   0.1399608274332681
640 627  0.04809814471993962
649 627  0.01213794146080307
651 627   0.1453900993400227
652 627  0.06869588011414599
769 627  0.01221307909486002
771 627    0.112065069326556
772 627   0.0263994480879097
781 627 0.002366688058211057
783 627   0.1413473445222629
784 627   0.1816794206517152
785 627 0.009076660190356526
793 627  0.01043130051795951
795 627   0.1794837345136719
796 627   0.1693981616578737
797 627  0.01218996736118831
805 627 0.004148466635111572
807 627   0.1266289607459266
808 627   0.1800482890808824
809 627  0.01096696513889281
913 627 0.004450121917927535
915 627   0.0407902028428387
916 627 0.008758063417296832
925 627  0.01617882925255458
927 627   0.2730383953555282
928 627   0.2486495485106843
929 627  0.01240218233594949
937 627  0.01620264780118495
939 627   0.1724842358606301
940 627  0.07396587862357565
949 627  0.00135411332795914
951 627   0.1139597045834279
952 627   0.1838074494178714
953 627  0.01240218233594948
1071 627  0.03279817136179121
1072 627  0.06170541938484054
1073 627 0.005023773843482574
1083 627  0.08872365242250234
1084 627   0.1577615670734732
1085 627   0.0121899673611883
1095 627  0.01560882609988907
1096 627  0.06414546286680753
1097 627 0.006914078792018855
627 628 0.001397990724431173
628 628  0.01397990224470847
629 628 0.001397990724431173
639 628  0.01056748578443745
640 628   0.1226183283553403
641 628  0.06868528416720376
651 628 0.008883219342610538
652 628   0.1313546507247438
653 628  0.08598603399262215
771 628 0.009787872906193849
772 628  0.09581411574971961
773 628  0.04507559662705662
783 628 0.0004661269474985461
784 628   0.1213856325823386
785 628   0.1989001513590468
786 628  0.01371817761369687
795 628 0.008955481244471269
796 628   0.1461094679471463
797 628   0.2000780789043171
798 628  0.01636010827561661
807 628 0.001298518609221123
808 628   0.1047630041194674
809 628   0.2012617307571616
810 628   0.0144694041395405
915 628 0.003648227189019985
916 628  0.03516877126519494
917 628  0.01518138570065477
927 628  0.01103361273193599
928 628   0.2343402199796711
929 628   0.2880852297713931
930 628  0.01680985197348491
939 628  0.01147210451211115
940 628   0.1518080401377984
941 628  0.09937259806632567
951 628 0.0001274782425867488
952 628  0.09362334548194211
953 628   0.2009627507568888
954 628  0.01680985197348491
1072 628  0.02464481835316665
1073 628  0.06841139975320781
1074 628 0.006471139068373467
1084 628  0.06838776878359405
1085 628   0.1739272905251502
1086 628   0.0163601082756166
1096 628 0.008763799053948614
1097 628  0.07068219665325325
1098 628 0.007222365594217085
628 629 0.001397990724431173
629 629 0.008412339709759176
630 629  0.00279593348856397
640 629 0.006450055303976381
641 629  0.09264144657095395
642 629  0.05247923123173182
643 629 0.0001256180434936609
652 629 0.005425185547670303
653 629   0.1036920318103394
654 629  0.05978283067735889
655 629 0.001096256916891729
772 629 0.006052641367478407
773 629  0.06907505836855193
774 629  0.03809920634036313
785 629  0.09160810753153481
786 629   0.1502354332288304
787 629 0.009494528038146308
796 629 0.006052641367478399
797 629  0.09667223739683646
798 629   0.1671910515036113
799 629 0.009250680014760723
809 629  0.08241185207864604
810 629   0.1504326961030752
811 629 0.008967045444482001
916 629 0.002363562120631501
917 629   0.0248431646062989
918 629  0.01337044312549536
928 629 0.006450055303976379
929 629   0.1767149601042367
930 629   0.2194980828156031
931 629  0.01083733435157434
940 629 0.006390756943870634
941 629   0.1197589030288702
942 629  0.07080000529102538
943 629 0.000421147218981393
953 629  0.06716383025451446
954 629   0.1565147464861237
955 629  0.01041618713259294
1073 629  0.01650188226456994
1074 629  0.05442400168846671
1075 629 0.003864103566961899
1085 629  0.04495407720252582
1086 629    0.139501990541342
1087 629 0.009925789712671048
1097 629 0.007222365594217087
1098 629  0.05427255930562995
1099 629 0.003632150148785325
629 630  0.00279593348856397
630 630 0.008363639904408379
631 630 0.001397990724431173
641 630  0.01483059616779522
642 630   0.1183338228592292
643 630  0.01794590736443156
653 630  0.01470633119256484
654 630   0.1259782275190559
655 630  0.02865502613607421
773 630  0.01222595694102932
774 630  0.08800706817737751
775 630  0.01255646918236605
785 630  0.00703607318127855
786 630   0.1305558642156187
787 630   0.1117948721352523
788 630 0.0009803042631401078
797 630  0.01324104133309871
798 630   0.1511663992290617
799 630   0.1116849283265124
800 630 0.001995780744251711
809 630 0.006137481909651512
810 630   0.1277381286419944
811 630   0.1051079579336511
812 630 0.001893872277431157
917 630 0.004662421183967512
918 630  0.03125812655499443
919 630 0.004499866687303605
929 630  0.02090676090019029
930 630   0.2482301024532217
931 630   0.1407636798163409
932 630 0.002002477936047187
941 630  0.01653994166345722
942 630    0.154414650623054
943 630  0.02565374844340487
953 630 0.004548653163862919
954 630   0.1095370879369232
955 630   0.1171022031929002
956 630 0.002002477936047188
1073 630 0.0009061125522323408
1074 630  0.03074713303128268
1075 630  0.04197611888481706
1076 630 0.0008716986045240818
1085 630 0.002582994465717999
1086 630  0.08073254731142775
1087 630    0.108319609944211
1088 630 0.001995780744251708
1098 630  0.02517343640157192
1099 630    0.037916776797702
1100 630 0.001785266618815129
630 631 0.001397990724431173
631 631  0.01397990391124288
632 631  0.00139798905789676
642 631  0.01657281076534104
643 631   0.1588344876840093
644 631  0.02646379985763112
654 631   0.0166721405374026
655 631   0.1652460800424553
656 631   0.0443056834801186
774 631  0.01255646918236605
775 631   0.1255646618867121
776 631  0.01255645421389192
786 631 0.008993077930936337
787 631   0.1746073277041495
788 631   0.1473226807732466
789 631 0.003547002094248355
798 631  0.01256404689170707
799 631   0.2191550955745619
800 631   0.1336180920140989
801 631 0.006165901891183494
810 631 0.008985500221595309
811 631   0.1705442413457702
812 631   0.1367714992775634
813 631 0.005491416780461735
918 631 0.004499866687303605
919 631  0.04499865614452032
920 631 0.004499861323045776
930 631  0.02430620942414861
931 631   0.3360134002786814
932 631   0.1838966847925108
933 631 0.006052619961144317
942 631  0.02105030296680848
943 631   0.2031957998172574
944 631  0.03840663993216933
954 631 0.005248178277304336
955 631   0.1526228476053191
956 631   0.1475997806111349
957 631 0.006052619961144319
1074 631 0.0006103544723607453
1075 631  0.04479484592312562
1076 631  0.05154071960852864
1077 631 0.002581437170732928
1086 631 0.001819288387330531
1087 631   0.1175394302291973
1088 631   0.1331505470766495
1089 631 0.006165901891183488
1099 631  0.03440786047122685
1100 631  0.04773464897324584
1101 631 0.004525851856946303
631 632  0.00139798905789676
632 632  0.01397990391124287
633 632 0.001397990724431173
643 632  0.01489433318967661
644 632   0.1470764251678881
645 632  0.03990033994941662
655 632  0.01376123712516263
656 632    0.151964588270914
657 632  0.06049807866389966
775 632  0.01255645421389192
776 632   0.1184855100681053
777 632  0.01963562100097281
787 632 0.004253363529667643
788 632   0.1515543253118947
789 632   0.1717412769059411
790 632 0.006921122755077157
799 632  0.01118927652549162
800 632   0.1926832382264621
801 632   0.1573434145604823
802 632  0.01028720705911511
811 632 0.005620541218067932
812 632   0.1408790143509804
813 632   0.1662200091948805
814 632 0.009073092861461612
919 632 0.004499861323045775
920 632  0.04344599047800391
921 632 0.006052532353819995
931 632  0.01903947841356298
932 632   0.2931747322383562
933 632   0.2278007039508733
934 632  0.01025399985369239
943 632  0.01858392516525573
944 632   0.1824738671871614
945 632  0.06159495036381802
955 632 0.002424329448942275
956 632   0.1262210945841387
957 632   0.1726240025681292
958 632  0.01025399985369239
1076 632  0.03685646867102898
1077 632  0.05846612916072911
1078 632 0.004204759342989784
1088 632  0.09850801373965247
1089 632   0.1498799467855932
1090 632   0.0102872070591151
1100 632  0.02070489226566203
1101 632  0.05960673958638264
1102 632 0.006356729449374233
632 633 0.001397990724431173
633 633  0.01397990724431171
634 633 0.001397990724431173
644 633  0.01220704785704275
645 633   0.1318008642418665
646 633  0.05786324637035136
656 633  0.01052278141521584
657 633   0.1378316743214123
658 633  0.07786951574332956
776 633   0.0111406388186447
777 633   0.1044695915036928
778 633  0.03506739986605501
788 633 0.001261543517304783
789 633   0.1321817847521777
790 633   0.1897857742626805
791 633  0.01124108565027785
800 633 0.009790106686276929
801 633   0.1644568027319293
802 633   0.1829528581357445
803 633  0.01430347953416967
812 633 0.002612075649672548
813 633   0.1140727788186278
814 633   0.1924667015380075
815 633  0.01264119752077379
920 633 0.004189333554000326
921 633  0.03787210034847983
922 633  0.01193696634516304
932 633  0.01346859137434753
933 633   0.2542821293998227
934 633   0.2679385702121378
935 633  0.01457978746310273
944 633  0.01394629202652211
945 633   0.1615087165767063
946 633  0.08719781238962872
956 633 0.0006293757355676611
957 633   0.1038623846440325
958 633   0.1924519714534212
959 633  0.01457978746310273
1077 633  0.02873989670315788
1078 633  0.06496523640933452
1079 633 0.005822253723721159
1089 633  0.07790158704221101
1090 633   0.1664701780991922
1091 633  0.01430347953416965
1101 633  0.01155054631843133
1102 633  0.06789547521795652
1103 633 0.007222365594217087
633 634 0.001397990724431173
634 634  0.01164196356904732
635 634 0.002224180397243503
645 634 0.008614466572855802
646 634   0.1076277776582546
647 634  0.06743735745226663
657 634 0.007048493999329866
658 634   0.1178561680505543
659 634  0.08023815598277766
660 634 0.0006950504759176489
777 634 0.008054283045628262
778 634  0.08273766791202709
779 634  0.04630741135572568
789 634 0.0001627695907295634
790 634   0.1078693860733081
791 634   0.1828336775732197
792 634  0.01346367775462506
801 634 0.007986264233944313
802 634   0.1209623900874211
803 634   0.1946797556438169
804 634  0.01439693732392943
813 634 0.0002307884024135052
814 634  0.09490484131588399
815 634   0.1843726300809972
816 634  0.01328623962619797
921 634 0.003012446755731716
922 634  0.02981647868150721
923 634  0.01630342573286132
933 634 0.008777236163585365
934 634   0.2061600754756645
935 634   0.2700956623065486
936 634  0.01564877729930256
945 634 0.008825719621359982
946 634   0.1354830028035027
947 634  0.09445310675896193
948 634 0.0002221143710915468
958 634  0.08081169492431771
959 634   0.1872123161972216
960 634  0.01542666292821101
1078 634  0.02020694708427583
1079 634  0.06447554546195147
1080 634 0.005876014717933462
1090 634   0.0565130421606324
1091 634   0.1639818897034607
1092 634  0.01486987342875552
1102 634 0.007222365594217089
1103 634  0.06571523577085311
1104 634 0.005920690960597924
634 635 0.002224180397243504
635 635 0.006277517228157931
646 635  0.01040712372516917
647 635  0.09189729543168146
658 635 0.009506761246363786
659 635   0.1015949525666061
660 635  0.00354424243509495
778 635 0.009387929920567206
779 635  0.06697259405542966
790 635 0.002997450697179006
791 635  0.09785082479865438
792 635   0.1432561552802884
802 635  0.01012662267794305
803 635   0.1047303622513755
804 635   0.1340885749897049
814 635 0.002554708748117996
815 635  0.09277368975896857
816 635  0.06774997776073777
922 635 0.003481700412565811
923 635  0.02388364991594816
934 635  0.01301202730231543
935 635    0.186056585213199
936 635  0.08095054404109339
946 635  0.01075236124621285
947 635   0.1212224163334728
948 635   0.1352554805368426
958 635  0.00205108670838014
959 635  0.07715848855743941
960 635   0.0786645506714964
1078 635 0.0004454688757565262
1079 635  0.02002977461305103
1080 635  0.02996332127540298
1090 635 0.001307156568310748
1091 635   0.0539591438071499
1092 635  0.07582533677299497
1103 635  0.01373073410716276
1104 635  0.03019113701048745
625 637   0.1541346365503338
626 637  0.02162737652472347
627 637  0.01381214119434352
637 637     1.71377218786714
638 637   0.2460453302446577
639 637   0.3214061379420097
649 637    1.785341265992346
650 637   0.2386889571260624
651 637   0.5323898183562341
769 637    1.366703311952457
770 637   0.1942527100375531
771 637   0.1417605871100902
781 637     1.95098101327881
782 637   0.1157320574236632
783 637    1.661849042383715
784 637  0.05108284121141501
793 637    2.396563798241756
794 637   0.1963892316079391
795 637    1.524926975580743
796 637  0.08025311068416964
805 637    1.866151500233934
806 637   0.1255186836643895
807 637    1.572370467282661
808 637  0.07234429483621112
913 637   0.4935656843205944
914 637  0.06961441836244925
915 637  0.04702310300541401
925 637    3.637689351175373
926 637   0.3545348162200985
927 637    2.144848793687784
928 637  0.08118450804832364
937 637    2.147069871101754
938 637   0.3116745368708303
939 637   0.5093359910379986
949 637    1.678604939299093
950 637  0.07368137997387632
951 637    1.686867724377592
952 637  0.08118450804832361
1069 637   0.5082165959877419
1070 637  0.00814213977413444
1071 637   0.5748161282559643
1072 637  0.03352383488302924
1081 637    1.332889926308299
1082 637  0.02491031561428953
1083 637    1.485078866299485
1084 637   0.0802531106841695
1093 637   0.3433723095938572
1094 637 0.004964540065479548
1095 637   0.5762647958235652
1096 637  0.05478528850782534
625 638  0.01586163602981046
626 638     0.12977595848594
637 638   0.2460453302446577
638 638    1.506471657635309
649 638   0.4195846781352595
650 638    1.544347941514659
769 638   0.1424659981712401
770 638    1.165621341303076
781 638    1.517815250830117
782 638    1.362137757301436
783 638  0.02370440966839126
793 638    1.402101098252328
794 638    1.776461028774752
795 638  0.04659275151709104
805 638    1.387223995486251
806 638    1.365557922804126
807 638  0.04081807592947485
913 638  0.05105559452529308
914 638   0.4177241681209221
925 638     1.85162955902422
926 638     2.87848199353353
927 638  0.04697456117994365
937 638   0.3529588980353279
938 638    1.927225820747416
949 638    1.521275024471759
950 638    1.136199449219927
951 638  0.04697456117994365
1069 638   0.5417408290539396
1070 638    0.303193257862392
1071 638  0.01909937636973283
1081 638    1.396491327768692
1082 638   0.8025698520408062
1083 638    0.046592751517091
1093 638    0.460422288925685
1094 638   0.2557644758764701
1095 638  0.03621304263081639
625 639  0.03187484452754948
627 639   0.1399608274332681
628 639  0.01056748578443745
637 639   0.3214061379420097
639 639    1.481961957904698
640 639    0.391564013917969
649 639   0.2912089685983263
651 639    1.604630052202761
652 639   0.5638796570181502
769 639   0.2792034700566051
771 639    1.147162192160957
772 639   0.2119425103394932
781 639   0.1043872164982624
783 639    1.864054889148724
784 639    1.599619763415195
785 639  0.06861095417552907
793 639   0.2731993173044066
795 639    2.132178767827611
796 639    1.541808195783565
797 639  0.09214460765076128
805 639   0.1356526526525957
807 639    1.658291976255616
808 639     1.62198739427892
809 639  0.08289986920394378
913 639   0.1015720163531304
915 639   0.4155359101192014
916 639  0.07001320305506746
925 639   0.4238761544469091
927 639     3.26529465573585
928 639    2.200120702139339
929 639  0.09374875186276667
937 639   0.3816704110351403
939 639    1.868421571508158
940 639   0.6057152307752962
949 639  0.07494617262270693
951 639    1.548725859388308
952 639    1.669754385847543
953 639  0.09374875186276664
1069 639  0.01423533772375909
1071 639    0.458365400175591
1072 639   0.5715791596510921
1073 639  0.03797497204198688
1081 639   0.0375764968177001
1083 639    1.230990991870469
1084 639    1.451847185754383
1085 639  0.09214460765076116
1093 639 0.008679697579153248
1095 639   0.2530184729020468
1096 639   0.6283777360918149
1097 639  0.05226388707040155
627 640  0.04809814471993962
628 640   0.1226183283553402
629 640 0.006450055303976381
639 640    0.391564013917969
640 640    1.346493010139138
641 640   0.3938605738731853
651 640   0.3502327695129873
652 640    1.542525295455108
653 640   0.4963443185962315
771 640   0.3491413713938468
772 640    0.985906671510723
773 640    0.256225786645388
783 640   0.1155292396519249
784 640    1.918962573114378
785 640    1.434482445448776
786 640  0.06329298380296361
795 640   0.3702206491072785
796 640    1.953427766744307
797 640    1.524234609064258
798 640  0.07548233426205686
807 640   0.1260877924887233
808 640    1.703437800661994
809 640    1.502099010423861
810 640  0.06675899581064482
915 640   0.1293285098007227
916 640   0.3550424348444804
917 640  0.08589446929981881
927 640   0.4986542383316383
928 640     3.18994861421044
929 640    2.045112383891575
930 640  0.07755736356888272
939 640   0.4413032473440121
940 640    1.759049217628583
941 640   0.5734671111704359
951 640  0.08320508320906929
952 640    1.585783236697892
953 640    1.543386756564691
954 640   0.0775573635688827
1071 640  0.02192813417418357
1072 640   0.4505520652067238
1073 640   0.5487504167326422
1074 640  0.02985656781643832
1083 640  0.06010618619406619
1084 640    1.217498121718285
1085 640    1.378726611657751
1086 640   0.0754823342620568
1095 640 0.007504806984705906
1096 640   0.2586228179587142
1097 640   0.6158358673441797
1098 640  0.03332257982411951
628 641  0.06868528416720376
629 641  0.09264144657095395
630 641  0.01483059616779522
640 641   0.3938605738731855
641 641    1.432702327499434
642 641   0.2928238323722616
643 641 0.0003867283801049611
652 641    0.366168731276429
653 641    1.669072655974813
654 641   0.3368769051191991
655 641 0.003374942403634805
772 641   0.3456307440595631
773 641    1.024777341266218
774 641   0.2118013012512183
784 641   0.1394577707294271
785 641    2.038192369643976
786 641     1.30526618792094
787 641  0.02922990476474622
796 641   0.3917225548136713
797 641    1.999411457176476
798 641    1.481403315917997
799 641  0.02847919293662846
808 641   0.1175939998071129
809 641    1.904929939189216
810 641    1.328895304668434
811 641  0.02760599403259368
916 641   0.1319757182068215
917 641   0.3608517928033234
918 641  0.07418947502249373
928 641   0.5172558123019914
929 641    3.433716682548343
930 641    1.793833222464801
931 641  0.03336387545831895
940 641   0.4289684439303321
941 641    1.930747638244403
942 641   0.3970063176653765
943 641 0.001296546079310672
952 641   0.1005957897298637
953 641    1.697374245333165
954 641    1.441154489010665
955 641  0.03206732937900825
1072 641  0.02426339806153885
1073 641   0.4873153053722257
1074 641   0.5216250765329928
1075 641  0.01189604989417295
1084 641   0.0694942425426005
1085 641    1.286304676444582
1086 641    1.329895397818292
1087 641  0.03055758926095255
1096 641 0.002287365435389772
1097 641   0.3525577880616634
1098 641   0.5440451775193675
1099 641  0.01118195686122612
629 642  0.05247923123173182
630 642   0.1183338228592292
631 642  0.01657281076534104
641 642   0.2928238323722616
642 642    1.748176176192675
643 642   0.2138910622549217
653 642   0.2937054325100744
654 642    1.883497235969023
655 642   0.3497081451487872
773 642   0.2393807537148212
774 642    1.294827458225696
775 642   0.1488536254236316
785 642   0.1484105592578804
786 642    2.163986831570849
787 642      1.4119971768399
788 642  0.01162124809668431
797 642   0.2607917365797817
798 642    2.456754957486134
799 642    1.408467143964178
800 642  0.02365945354684183
809 642   0.1294567437232067
810 642    2.114592473252244
811 642    1.327908911605475
812 642  0.02245135559133483
917 642  0.09084539555535652
918 642   0.4589693910722542
919 642  0.05334473095899018
929 642   0.4209872244866537
930 642    3.934076440527913
931 642    1.767676464750724
932 642  0.02373884698654494
941 642   0.3313781237627353
942 642    2.294477093512075
943 642   0.3079640824872398
953 642  0.09594387984980478
954 642    1.876689669502059
955 642    1.483330238439763
956 642  0.02373884698654495
1073 642  0.01911246048224741
1074 642   0.5493693334630956
1075 642    0.532900543820364
1076 642  0.01033375670147424
1085 642  0.05448261314808545
1086 642    1.436511006228602
1087 642    1.374736891863884
1088 642   0.0236594535468418
1098 642    0.464257773679478
1099 642   0.4826600521738356
1100 642  0.02116386419612472
629 643 0.0001256180434936609
630 643  0.01794590736443155
631 643   0.1588344876840093
632 643  0.01489433318967661
641 643 0.000386728380104961
642 643   0.2138910622549217
643 643    1.809126613006781
644 643   0.2846079351875833
653 643 0.0003189822335461419
654 643   0.2155876781900329
655 643    1.891474323787721
656 643   0.4790594041725423
773 643 0.0003577924316375404
774 643   0.1619569839809794
775 643    1.426619157657619
776 643   0.1337778802246079
786 643   0.1196248647209446
787 643    2.058860765286426
788 643    1.607753987341463
789 643  0.03779016060089733
797 643 0.0003577924316375398
798 643   0.1653415839969599
799 643    2.553823001486415
800 643    1.462217703900325
801 643  0.06569221458736636
810 643   0.1193395016938598
811 643    2.004040614955782
812 643    1.497201159473853
813 643  0.05850617410026859
917 643 0.0001450231425393604
918 643  0.05802378567053153
919 643   0.5112580558894807
920 643    0.047942030357245
929 643 0.000386728380104961
930 643   0.3176647749013135
931 643    3.901092929598458
932 643    2.007649482789043
933 643  0.06448529612055694
941 643 0.0003383873325918409
942 643   0.2719239795676789
943 643    2.316926972457228
944 643   0.4137455834743322
954 643  0.07154280569009522
955 643     1.80923654106629
956 643    1.616413666312996
957 643  0.06448529612055694
1074 643 0.009262786017788203
1075 643   0.5356149138398358
1076 643   0.5655255477095239
1077 643  0.02750292293915204
1086 643  0.02704405184990178
1087 643    1.405021472036277
1088 643    1.459701172388375
1089 643  0.06569221458736629
1098 643  0.00129045504153275
1099 643   0.4126778303630602
1100 643   0.5287007702834953
1101 643  0.04821893643852323
631 644  0.02646379985763112
632 644   0.1470764251678881
633 644  0.01220704785704274
643 644   0.2846079351875833
644 644    1.586922923570925
645 644   0.3636423618748544
655 644    0.267520561858249
656 644    1.681534074129696
657 644   0.5557596562147891
775 644   0.2376924836149069
776 644    1.254522072584179
777 644   0.1761297803539534
787 644    0.111741474060685
788 644    1.891958588718246
789 644    1.639212018529983
790 644  0.06043421835296584
799 644   0.2363269362562632
800 644    2.253511814435634
801 644    1.533721437476759
802 644  0.08982636772287725
811 644   0.1330190245517712
812 644    1.739319650035939
813 644    1.611414664783855
814 644  0.07922490245156674
919 644  0.08518194671661927
920 644   0.4588281953518454
921 644  0.05387505909538884
931 644   0.3946411047302434
932 644    3.424222838615167
933 644    2.184330862738069
934 644  0.08953640732563739
943 644   0.3563488425986449
944 644    1.987758611084844
945 644   0.5640571214776413
955 644  0.07559341251502515
956 644    1.604905159187687
957 644    1.679239465167133
958 644  0.08953640732563735
1075 644  0.01023749384412478
1076 644    0.479489690377586
1077 644   0.5755521953976426
1078 644  0.03671533553851624
1087 644  0.02697974122124079
1088 644    1.277485844015614
1089 644    1.469831798664078
1090 644  0.08982636772287715
1099 644 0.007499378901553733
1100 644   0.2862766386164825
1101 644   0.6103342817818153
1102 644  0.05550601963711711
632 645  0.03990033994941662
633 645   0.1318008642418665
634 645   0.0086144665728558
644 645   0.3636423618748545
645 645    1.401421838211364
646 645   0.4047483215079145
656 645   0.3278322599450493
657 645    1.554599088479799
658 645   0.5491374290273858
776 645   0.3226417044150389
777 645    1.054396538056264
778 645   0.2425205453517159
788 645   0.1121530133257601
789 645    1.896075131845794
790 645    1.517557339913851
791 645  0.06926795355979849
800 645   0.3289533701048531
801 645    2.038206341753627
802 645    1.537805099962996
803 645  0.08813852922576951
812 645   0.1363324178985275
813 645    1.659442028235051
814 645    1.585120071874869
815 645  0.07789549070712357
920 645   0.1205938714857085
921 645   0.3775188371513606
922 645   0.0822891966763597
932 645   0.4713548559783521
933 645    3.209949072946172
934 645    2.143423134282951
935 645   0.0898411481173057
944 645    0.424263122464703
945 645    1.784853303270916
946 645    0.614007908338606
956 645   0.0816115525568572
957 645    1.563965587251536
958 645    1.612992837592906
959 645   0.0898411481173057
1076 645  0.01886018364280642
1077 645   0.4533851281725759
1078 645    0.561648064149308
1079 645  0.03587692622359057
1088 645  0.05081218342313274
1089 645    1.213496648246647
1090 645    1.427923986747711
1091 645  0.08813852922576938
1100 645  0.00890268104553394
1101 645   0.2470905856141984
1102 645   0.6310575899483072
1103 645   0.0445044633709156
633 646  0.05786324637035137
634 646   0.1076277776582546
635 646  0.01040712372516917
645 646   0.4047483215079146
646 646    1.355741566556304
647 646   0.3561647648782463
657 646   0.3610420497113268
658 646    1.581389474327713
659 646    0.426967489444861
660 646 0.002599173236217668
777 646   0.3598031691898295
778 646   0.9771062097588097
779 646   0.2429721130435397
789 646   0.1287949168368472
790 646    1.974021729765988
791 646    1.353814145620569
792 646  0.05034804247084185
801 646   0.4050330108247259
802 646    1.927458677897734
803 646    1.508947281809319
804 646  0.05383800957255114
813 646   0.1123730118047674
814 646    1.806519210774878
815 646     1.40547697239969
816 646  0.04968450442508577
921 646   0.1334192578374181
922 646   0.3473461268419147
923 646  0.08541735287615426
933 646   0.5207892417114847
934 646    3.266253738598329
935 646    1.924105905612539
936 646  0.05851932276167084
945 646    0.441991136690812
946 646    1.809202694432502
947 646   0.5019366521908204
948 646 0.0008306069108984673
957 646   0.0922175629884409
958 646    1.631778445879049
959 646    1.484694245012369
960 646  0.05768871585077235
1077 646  0.02400917171964552
1078 646   0.4603408380540629
1079 646     0.53723854395726
1080 646  0.02197362741218138
1089 646  0.06616491425750022
1090 646    1.239976286627124
1091 646    1.350507725169038
1092 646  0.05560657589787026
1101 646 0.005082475767673022
1102 646   0.2938533558165997
1103 646    0.587656776460069
1104 646  0.02214069627732377
634 647  0.06743735745226663
635 647  0.09189729543168146
646 647   0.3561647648782463
647 647    1.561174551701016
658 647   0.3391193963733504
659 647     1.76110498422782
660 647  0.04841397943120855
778 647   0.3109388241098403
779 647    1.120172715943004
790 647   0.1491477705651129
791 647    2.089778394751647
792 647    1.835526072963648
802 647   0.3476948508224369
803 647    2.177958748386245
804 647    1.732949142803557
814 647   0.1271177252668703
815 647    2.003759748455035
816 647   0.9254575808060722
922 647   0.1146977595367928
923 647   0.3981702331584338
934 647     0.48578009480981
935 647    3.650564851934274
936 647    1.103899984077478
946 647   0.3857866798672654
947 647    2.093375494691093
948 647    1.629426932996475
958 647   0.1020583958490259
959 647    1.782191647483029
960 647    1.074549500469784
1078 647  0.02216573227968772
1079 647    0.513833322695048
1080 647   0.4092958217400247
1090 647  0.06504176636719139
1091 647    1.356047353435073
1092 647    1.035766136803194
1103 647   0.4107544354203103
1104 647   0.4124077607550514
625 649    0.158532030959083
626 649  0.03676372824623637
627 649  0.01213794146080307
637 649    1.785341265992346
638 649   0.4195846781352595
639 649   0.2912089685983263
649 649    1.899125835779004
650 649    0.410734105972836
651 649   0.4873972671952409
769 649    1.407346263172515
770 649   0.3302043516351488
771 649   0.1255768182145465
781 649    2.301298465353613
782 649   0.2264778252192235
783 649    1.563053357275177
784 649  0.04489097870861462
793 649    2.706954575642503
794 649   0.3604807061427123
795 649    1.455673302008923
796 649  0.07052545625081838
805 649    2.178065970938757
806 649   0.2406497275555428
807 649    1.496673286539114
808 649   0.0635752852066572
913 649   0.5078861377688222
914 649    0.118335460418476
915 649  0.04146809612837187
925 649    4.069062208004098
926 649   0.6361272588223531
927 649    2.027538383876906
928 649   0.0713439569107651
937 649    2.251210044543908
938 649    0.532346251454632
939 649   0.4641432831667401
949 649    2.014155397807527
950 649   0.1561728712776914
951 649    1.610313062772811
952 649  0.07134395691076509
1069 649   0.6238508477962216
1070 649   0.0251724313403055
1071 649   0.5521715541027453
1072 649  0.02946033780182311
1081 649    1.632898905677882
1082 649  0.07144269447785365
1083 649    1.423649830248855
1084 649  0.07052545625081826
1093 649    0.434163202422532
1094 649  0.01850728980618047
1095 649   0.5708386281140406
1096 649   0.0481446442998657
625 650  0.01526964644224993
626 650   0.1329042124399924
637 650   0.2386889571260624
638 650    1.544347941514659
649 650    0.410734105972836
650 650    1.587400206845466
769 650   0.1371488677478534
770 650    1.193718683926473
781 650    1.501729171699491
782 650    1.429675442798854
783 650  0.02281971128818738
793 650     1.38610163703216
794 650    1.850365183994689
795 650  0.04485381212256234
805 650    1.372652064308745
806 650    1.430303539141689
807 650  0.03929465956251935
913 650  0.04915009245168087
914 650   0.4277934235968439
925 650    1.828151318102821
926 650    2.986905908024502
927 650  0.04522137184647965
937 650   0.3432491086264274
938 650     1.97664480248744
949 650    1.506662930614288
950 650    1.199662446026262
951 650  0.04522137184647965
1069 650   0.5369729291239561
1070 650   0.3237210443284915
1071 650  0.01838654750904458
1081 650    1.384047066335315
1082 650   0.8558608949367864
1083 650  0.04485381212256232
1093 650   0.4569663984005102
1094 650    0.273674881801214
1095 650  0.03486149578337652
625 651  0.05242224772738761
627 651   0.1453900993400227
628 651 0.008883219342610538
637 651   0.5323898183562341
639 651    1.604630052202761
640 651   0.3502327695129873
649 651    0.487397267195241
651 651    1.792308305407908
652 651   0.5075978469528131
769 651   0.4596187597751487
771 651    1.209387240689588
772 651   0.1874916603585489
781 651   0.2012083515793408
783 651    2.339944312792467
784 651    1.522175763703694
785 651  0.05767560682642268
793 651   0.4700190713703145
795 651    2.525809798268202
796 651    1.504000714028913
797 651  0.07745842082947982
805 651   0.2471469643680904
807 651    2.077913123886462
808 651     1.57005826701265
809 651  0.06968712678060723
913 651    0.167110867820262
915 651   0.4364788969755424
916 651  0.06172401550860442
925 651   0.7293223386670101
927 651    3.869593593297924
928 651    2.102137301748681
929 651  0.07880689341634706
937 651   0.6348750325170477
939 651    2.056996615872988
940 651   0.5442712825295127
949 651   0.1490678509559422
951 651    1.984391908625326
952 651    1.626011690918393
953 651  0.07880689341634704
1069 651  0.03174833213464463
1071 651   0.5982917049627273
1072 651   0.5643135105523032
1073 651  0.03192244712316217
1081 651  0.08380490330297059
1083 651    1.598999758651868
1084 651    1.426872167834235
1085 651  0.07745842082947972
1093 651  0.01935787734149102
1095 651   0.3606554346237441
1096 651   0.6438931016039807
1097 651  0.04393396707734668
627 652  0.06869588011414599
628 652   0.1313546507247438
629 652 0.005425185547670303
639 652   0.5638796570181502
640 652    1.542525295455108
641 652    0.366168731276429
651 652   0.5075978469528133
652 652    1.800613714540815
653 652   0.4626420996045597
771 652   0.5007086568631534
772 652    1.107442501851198
773 652   0.2373900565767747
783 652    0.181465629491952
784 652    2.408985695446507
785 652    1.452995723394216
786 652   0.0532361607481228
795 652   0.5390411992618126
796 652    2.376863715703713
797 652    1.570880717457568
798 652  0.06348870663023223
807 652   0.1935543394752532
808 652    2.153586890692578
809 652    1.538113812019385
810 652  0.05615144710861829
915 652   0.1853431327413469
916 652   0.3966119116282969
917 652  0.07943227033799852
927 652   0.7318960167661566
928 652    3.881380593601029
929 652    2.061336958898156
930 652  0.06523402794545319
939 652   0.6379995099411255
940 652    2.044570773690807
941 652   0.5344739839792126
951 652   0.1318783689677291
952 652    2.024407623101803
953 652    1.594106053176517
954 652  0.06523402794545317
1071 652  0.03494689642852138
1072 652   0.5850130980705618
1073 652   0.5739663550834869
1074 652  0.02511256300716094
1083 652  0.09579130841466862
1084 652    1.571820146100019
1085 652    1.437225653558944
1086 652  0.06348870663023219
1095 652  0.01196042081497917
1096 652   0.3629632378668055
1097 652   0.6585868258913876
1098 652   0.0280278493676564
628 653  0.08598603399262215
629 653   0.1036920318103394
630 653  0.01470633119256484
640 653   0.4963443185962316
641 653    1.669072655974813
642 653   0.2937054325100744
643 653 0.0003189822335461421
652 653   0.4626420996045597
653 653    1.952096324976084
654 653   0.3386149940425398
655 653 0.002783728118709136
772 653   0.4347441206444643
773 653    1.188728243926459
774 653   0.2122668412632321
784 653   0.1805221341259096
785 653    2.451336417200895
786 653    1.418956937948239
787 653  0.02410948042051946
796 653   0.4944080031197019
797 653    2.393289569899293
798 653    1.614919144095263
799 653  0.02349027648307499
808 653   0.1522204155031888
809 653    2.297482288518482
810 653    1.448000206698477
811 653  0.02277004246077888
916 653   0.1658931433889802
917 653   0.4176595999159652
918 653  0.07432182150593447
928 653   0.6560741899804664
929 653    4.087416408940884
930 653    1.933041153724155
931 653  0.02751927208073386
940 653   0.5419139911041516
941 653    2.258343932645651
942 653   0.3986306087193806
943 653 0.001069420258636731
952 653     0.13021695780115
953 653    2.059666004158774
954 653    1.579027766261018
955 653  0.02644985182209712
1072 653  0.03140793357233273
1073 653   0.5968844201503679
1074 653    0.574459890066037
1075 653  0.00981212851404839
1084 653  0.08995733194096327
1085 653    1.572725120692222
1086 653    1.463611215524542
1087 653  0.02520458434314737
1096 653 0.002960896963737795
1097 653    0.441264205991922
1098 653   0.6024520767133537
1099 653   0.0092231285793984
629 654  0.05978283067735888
630 654   0.1259782275190559
631 654   0.0166721405374026
641 654   0.3368769051191991
642 654    1.883497235969023
643 654   0.2155876781900329
653 654   0.3386149940425398
654 654    2.035787353806183
655 654   0.3554227609450272
773 654   0.2749562707342007
774 654    1.393511882712282
775 654   0.1497457852927823
785 654   0.1727966660643506
786 654    2.399734826023461
787 654    1.451800456240468
788 654  0.01169090048944129
797 654   0.2998854029652664
798 654    2.711766559346637
799 654    1.447444349759206
800 654  0.02380125738212267
809 654   0.1507284510399779
810 654    2.344263929779745
811 654    1.365467041217968
812 654  0.02258591864554071
917 654    0.104249300208236
918 654    0.493680273263313
919 654  0.05366445463422354
929 654   0.4860994872562522
930 654    4.316024808462784
931 654    1.814043981381647
932 654  0.02388112666942825
941 654   0.3822740423544205
942 654    2.475934805741968
943 654   0.3112000388187351
953 654   0.1117089151218503
954 654    2.096933983852114
955 654    1.526603353259048
956 654  0.02388112666942825
1073 654  0.02225292774404555
1074 654   0.6194902577835542
1075 654   0.5488494957000161
1076 654  0.01039569246555379
1085 654  0.06343493318493797
1086 654    1.618435227807895
1087 654    1.415740398945677
1088 654  0.02380125738212265
1098 654   0.5269869928164157
1099 654   0.4975422323539395
1100 654  0.02129071062165317
629 655 0.001096256916891729
630 655  0.02865502613607421
631 655   0.1652460800424553
632 655  0.01376123712516263
641 655 0.003374942403634806
642 655   0.3497081451487872
643 655    1.891474323787721
644 655   0.2675205618582489
653 655 0.002783728118709136
654 655   0.3554227609450272
655 655    2.002252102635617
656 655   0.4546649755971509
773 655 0.003122421087651777
774 655    0.264097569905077
775 655    1.484206779987143
776 655   0.1236006411585053
786 655   0.2208241283760835
787 655    2.354395771374604
788 655     1.55200073372761
789 655  0.03491524960562653
797 655 0.003122421087651772
798 655   0.2929410746295185
799 655    2.846761912140553
800 655     1.41945399023356
801 655  0.06069463672535474
810 655    0.219027374991431
811 655    2.277250623155167
812 655    1.454045031342589
813 655   0.0540552789323847
917 655 0.001265603401363052
918 655  0.09449812748394361
919 655   0.5318957542390749
920 655  0.04429480928122827
929 655 0.003374942403634806
930 655   0.5474984189409623
931 655    4.296931897516433
932 655    1.940145292720899
933 655  0.05957953536425361
941 655 0.002953074603180454
942 655   0.4463338865128647
