%%MatrixMarket matrix coordinate real general
1728 1728 8223
69 69 2.059796597607477e-08
84 69 3.303520462116586e-07
88 69 2.358144545549535e-08
89 69 4.130566579863064e-06
105 69 1.768184420296386e-06
110 69 4.449190931790995e-08
111 69 1.423620963054215e-06
126 69 1.760768675027786e-06
131 69 4.354889100072383e-08
132 69 8.528379155824833e-07
136 69 4.435163155612255e-08
137 69 1.42112029919848e-06
138 69 2.734148777125304e-06
154 69 7.70820393976756e-08
159 69 1.221560426134904e-06
160 69 2.349775749595243e-06
166 69 8.718192015071847e-07
167 69 1.327603225223223e-06
182 69 7.946027176738841e-08
187 69 1.224352850663145e-06
188 69 2.354654645820691e-06
195 69 2.189718232425087e-06
200 69 8.678987624320455e-07
201 69 1.330244166840745e-06
202 69 2.991207497699042e-07
223 69 5.174776388374061e-08
224 69 7.946027176738835e-08
230 69 4.482238937242175e-07
231 69 5.362071670274424e-07
259 69 5.133861301213668e-08
260 69 7.70820393976754e-08
266 69 4.499013369045077e-07
267 69 5.356202588293879e-07
274 69 5.953748589515346e-08
275 69 7.478018744247624e-08
69 84 3.303520462116587e-07
84 84 6.008524018313073e-06
88 84 3.782013606537686e-07
89 84 6.230983829181326e-05
105 84 3.509243430289123e-05
110 84 7.13565276304822e-07
111 84 2.28321621038231e-05
126 84 3.491006749155699e-05
131 84 2.142429736634312e-06
132 84 2.623230612652913e-05
136 84 7.113154888404535e-07
137 84 2.279205623013689e-05
138 84 3.991396294001234e-05
154 84 5.252625592964544e-06
159 84 2.440884183374965e-05
160 84 5.510046771531018e-05
166 84 1.39823154130385e-05
167 84 2.12922209173037e-05
182 84 5.342365637470447e-06
187 84 2.447313520108473e-05
188 84 5.523361254101856e-05
194 84 1.199426785924699e-06
195 84 4.465495940740595e-05
200 84 1.391943905563386e-05
201 84 2.133457657845429e-05
202 84 4.79732571000605e-06
223 84 3.605329568112936e-06
224 84 6.058759286611209e-06
230 84 1.424556601455725e-05
231 84 1.874288507733583e-05
259 84 3.592182778787213e-06
260 84 5.965720334589055e-06
266 84 1.427518912430838e-05
267 84 1.874200796105523e-05
274 84 5.172648856848777e-06
275 84 3.35362804494129e-06
311 84 5.487520411166219e-07
312 84 5.955284950415792e-07
356 84 5.331084982251393e-07
357 84 5.988274025578262e-07
69 88 2.358144545549535e-08
84 88 3.782013606537686e-07
88 88 2.699706225441935e-08
89 88 4.72885189811808e-06
105 88 2.024294268225688e-06
110 88 5.093626885342955e-08
111 88 1.629823067411443e-06
126 88 2.015804401179278e-06
131 88 4.985666055443113e-08
132 88 9.763658611751497e-07
136 88 5.077567278331024e-08
137 88 1.626960198893988e-06
138 88 3.130172189325867e-06
154 88 8.824686426640171e-08
159 88 1.398495394785642e-06
160 88 2.690125264605631e-06
166 88 9.98096461139652e-07
167 88 1.519897793719294e-06
182 88 9.096956790481034e-08
187 88 1.401692283584165e-06
188 88 2.695710836761496e-06
195 88 2.506884472030572e-06
200 88 9.936081723290301e-07
201 88 1.52292125830687e-06
202 88 3.424464169665576e-07
223 88 5.924308608363009e-08
224 88 9.096956790481029e-08
230 88 5.13146167635412e-07
231 88 6.138732376192084e-07
259 88 5.877467240759028e-08
260 88 8.824686426640148e-08
266 88 5.150665773936694e-07
267 88 6.132013196407108e-07
274 88 6.816109793678925e-08
275 88 8.561160424163965e-08
69 89 4.130566579863064e-06
84 89 6.230983829181326e-05
88 89 4.72885189811808e-06
89 89 0.003119059028274732
105 89 0.0003172579622150354
110 89 8.922084535741045e-06
111 89 0.000285482614119008
126 89 0.0003161224081955437
131 89 3.24383854163578e-06
132 89 0.000110844686353247
136 89 8.893954251643572e-06
137 89 0.0002849811491412541
138 89 0.002839031538462671
154 89 5.741631635623321e-06
159 89 0.0002182648877840005
160 89 0.0003840955533786629
166 89 0.0001748282942894112
167 89 0.000266227913950097
182 89 5.918779701729344e-06
187 89 0.0002187167448305282
188 89 0.0003847741664225228
195 89 0.0003864373906407875
200 89 0.0001740421178950542
201 89 0.0002667575092119484
202 89 5.998350389442662e-05
223 89 3.854550301332719e-06
224 89 5.91877970172934e-06
230 89 5.660647855758074e-05
231 89 6.054212584529342e-05
259 89 3.824073764820444e-06
260 89 5.741631635623306e-06
266 89 5.699940472601986e-05
267 89 6.037265121857267e-05
274 89 4.434785524517384e-06
275 89 5.57017293902204e-06
69 105 1.768184420296387e-06
84 105 3.509243430289123e-05
88 105 2.024294268225688e-06
89 105 0.0003172579622150354
105 105 0.0002156291619855478
110 105 3.819304341824127e-06
111 105 0.0001222074262188627
126 105 0.0002143911984222751
131 105  1.7428205180103e-05
132 105 0.0001922330304766074
136 105 3.807262524044903e-06
137 105 0.0001219927625537588
138 105 0.0001973857279423219
154 105 4.469451555999416e-05
159 105 0.0001505332404963335
160 105 0.0003668110954822798
166 105 7.483928904488858e-05
167 105 0.0001139650071226244
182 105 4.538784593138936e-05
187 105 0.0001509578988437817
188 105 0.0003677503650797636
194 105 1.137126318485123e-05
195 105 0.0002783786528810618
200 105 7.450274808247344e-05
201 105 0.0001141917126055075
202 105 2.567732416612661e-05
223 105 3.075451705881667e-05
224 105 5.217967418129392e-05
230 105 0.000105380350783848
231 105 0.0001421923751719055
259 105 3.065696681283627e-05
260 105 5.145506824891408e-05
266 105 0.0001055501353431359
267 105 0.0001422229174719861
274 105 4.509787505311031e-05
275 105 2.684331531686733e-05
311 105 5.202488351926103e-06
312 105 5.645956327359621e-06
356 105 5.054178471364769e-06
357 105 5.677231888344202e-06
69 110 4.449190931790996e-08
84 110 7.13565276304822e-07
88 110 5.093626885342955e-08
89 110 8.922084535741045e-06
105 110 3.819304341824127e-06
110 110 9.610317819984815e-08
111 110 3.075042208772209e-06
126 110 3.803286223025478e-06
131 110 9.406624477146463e-08
132 110 1.842142435182429e-06
136 110 9.580017617217152e-08
137 110 3.069640738081698e-06
138 110 5.905801553164575e-06
154 110 1.66498338277889e-07
159 110 2.638588478545427e-06
160 110 5.075550163052467e-06
166 110 1.883142291822646e-06
167 110 2.867642483505673e-06
182 110 1.716353551587346e-07
187 110 2.644620156577709e-06
188 110 5.086088650623825e-06
195 110 4.72982357296799e-06
200 110 1.874674085786182e-06
201 110 2.873346956223861e-06
202 110 6.461052168610253e-07
223 110 1.117759307299695e-07
224 110 1.716353551587345e-07
230 110 9.681701997596309e-07
231 110 1.158215363531959e-06
259 110 1.108921588324002e-07
260 110 1.664983382778886e-07
266 110 9.717935016890596e-07
267 110 1.156947633196056e-06
274 110 1.28601844790905e-07
275 110 1.615263042152568e-07
69 111 1.423620963054215e-06
84 111 2.28321621038231e-05
88 111 1.629823067411443e-06
89 111 0.000285482614119008
105 111 0.0001222074262188626
110 111 3.075042208772209e-06
111 111 9.839304758545027e-05
126 111 0.0001216948896687337
131 111 3.009865839103008e-06
132 111 5.894358385293591e-05
136 111 3.065346962039456e-06
137 111 9.82202151081702e-05
138 111 0.0001889697031127138
154 111 5.327497253319258e-06
159 111 8.442770671157732e-05
160 111 0.0001624039004378282
166 111 6.025546855939275e-05
167 111 9.175681638864094e-05
182 111 5.49186792275671e-06
187 111 8.46207041221356e-05
188 111 0.0001627411035845458
195 111 0.0001513415830710303
200 111 5.998450883170762e-05
201 111 9.193934411265378e-05
202 111 2.067362235434076e-05
223 111 3.576527970851208e-06
224 111 5.491867922756706e-06
230 111 3.097883218123363e-05
231 111 3.705976427026062e-05
259 111 3.548249656451436e-06
260 111 5.327497253319245e-06
266 111 3.109476805949303e-05
267 111 3.701920032258203e-05
274 111 4.114911788199637e-06
275 111 5.168405588585205e-06
69 126 1.760768675027786e-06
84 126 3.491006749155698e-05
88 126 2.015804401179278e-06
89 126 0.0003161224081955437
105 126 0.0002143911984222751
110 126 3.803286223025477e-06
111 126 0.0001216948896687337
126 126 0.000213161569385166
131 126 1.728357448443164e-05
132 126 0.0001908048459794551
136 126 3.791294908492519e-06
137 126 0.0001214811263005902
138 126 0.0001967529167046015
154 126 4.430809094701164e-05
159 126 0.0001496632485200898
160 126 0.0003644099553245209
166 126 7.452541392119132e-05
167 126 0.0001134870391840686
182 126 4.499595728236532e-05
187 126 0.0001500851593942161
188 126 0.000365342565987659
194 126 1.126415113607271e-05
195 126 0.0002767387076771371
200 126 7.419028440772974e-05
201 126 0.0001137127938667451
202 126 2.556963376177197e-05
223 126 3.04880364689532e-05
224 126 5.172380964612837e-05
230 126 0.0001045887786340723
231 126 0.0001410935178589933
259 126 3.039122156633723e-05
260 126 5.100496235113375e-05
266 126 0.0001047577163605219
267 126 0.0001411235091922799
274 126 4.469978092933285e-05
275 126 2.662400821421635e-05
311 126 5.153483313781919e-06
312 126 5.592774025648128e-06
356 126 5.00657044381675e-06
357 126 5.623754985289016e-06
69 131 4.354889100072384e-08
84 131 2.142429736634312e-06
88 131 4.985666055443113e-08
89 131 3.24383854163578e-06
105 131  1.7428205180103e-05
110 131 9.406624477146464e-08
111 131 3.009865839103008e-06
126 131 1.728357448443164e-05
131 131 7.269731673567591e-06
132 131 4.279229698594798e-05
136 131 9.376966495552546e-08
137 131 3.004578854076947e-06
138 131 2.914865106860966e-07
154 131 3.306949879559808e-05
159 131 1.237586818984727e-05
160 131 5.583892849382169e-05
166 131 1.843228570377975e-06
167 131 2.806862008346375e-06
182 131 3.311704708067588e-05
187 131 1.242143036431261e-05
188 131 5.596820612224357e-05
193 131 1.388134184397406e-06
194 131 2.259250349524222e-05
195 131 2.430594204633804e-05
200 131 1.834939850309376e-06
201 131 2.812445573188376e-06
202 131 6.324108381825137e-07
218 131 3.355074558757708e-06
223 131 2.337535957625755e-05
224 131 4.883728991892073e-05
230 131 2.489110426554084e-05
231 131 3.693944506709883e-05
254 131 3.38651752693034e-06
259 131 2.337560314391172e-05
260 131 4.87444947859797e-05
266 131 2.50180265857088e-05
267 131 3.694819378497866e-05
273 131 3.245162992764086e-07
274 131 4.125776553601581e-05
275 131 8.673476735942313e-06
304 131 2.219950525653809e-06
305 131 3.605410831468798e-06
311 131 1.124559455924988e-05
312 131 1.389846150096749e-05
349 131 2.23923130172923e-06
350 131 3.574215321014008e-06
356 131 1.106444191036762e-05
357 131 1.394370834883072e-05
372 131 3.097961229062469e-06
373 131 1.494067463789398e-06
411 131 1.501070797403465e-07
412 131 1.922271761794658e-07
466 131 1.478361901442471e-07
467 131 1.919797184616212e-07
492 131 3.405566850233883e-10
69 132 8.528379155824833e-07
84 132 2.623230612652913e-05
88 132 9.763658611751497e-07
89 132 0.000110844686353247
105 132 0.0001922330304766074
110 132 1.842142435182429e-06
111 132 5.894358385293591e-05
126 132 0.0001908048459794551
131 132 4.279229698594797e-05
132 132 0.000313906632445921
136 132 1.836334376556431e-06
137 132 5.884004639915168e-05
138 132 5.302742179652171e-05
154 132 0.0001616339267493978
159 132 0.0001357221543644438
160 132 0.0004617925567941521
166 132 3.609679088905169e-05
167 132 5.496806668362686e-05
182 132 0.0001624470827636983
187 132 0.000136182571824853
188 132 0.0004629918306142476
193 132 3.755677515013842e-06
194 132 8.722451524552646e-05
195 132 0.0002602739906546385
200 132 3.59344690805346e-05
201 132 5.50774121960371e-05
202 132 1.238479163610347e-05
218 132 8.473026800949877e-06
223 132 0.0001133930478065571
224 132 0.000220662537209799
230 132 0.0001784695478039998
231 132 0.0002571465340653691
254 132 8.564707188514769e-06
259 132 0.0001133210219737954
260 132 0.0002196584812310526
266 132 0.0001790190892133534
267 132 0.0002572461087382072
274 132 0.000191267926232213
275 132 5.633430212832176e-05
304 132 5.55407725786865e-06
305 132 8.564707188514762e-06
311 132 4.238168510061964e-05
312 132 5.067840104384648e-05
349 132 5.608095618466662e-06
350 132 8.473026800949867e-06
356 132 4.155786357016372e-05
357 132 5.086930100829239e-05
372 132 7.406495361321467e-06
373 132 4.061186863065292e-06
69 136 4.435163155612254e-08
84 136 7.113154888404534e-07
88 136 5.077567278331024e-08
89 136 8.893954251643571e-06
105 136 3.807262524044902e-06
110 136 9.580017617217152e-08
111 136 3.065346962039456e-06
126 136 3.791294908492519e-06
131 136 9.376966495552546e-08
132 136 1.836334376556431e-06
136 136 9.549812947428206e-08
137 136  3.0599625215513e-06
138 136 5.887181254864518e-06
154 136 1.65973388582697e-07
159 136 2.630269319135934e-06
160 136 5.059547549821703e-06
166 136 1.877204965466599e-06
167 136 2.858601143734921e-06
182 136 1.710942090529737e-07
187 136 2.636281979996169e-06
188 136 5.070052810780137e-06
195 136 4.71491099504906e-06
200 136 1.868763458688659e-06
201 136 2.864287630920968e-06
202 136 6.440681230367791e-07
223 136 1.114235143552874e-07
224 136 1.710942090529736e-07
230 136 9.651176728905069e-07
231 136 1.154563646593872e-06
259 136 1.105425288866581e-07
260 136 1.659733885826966e-07
266 136 9.687295509747303e-07
267 136 1.153299913262745e-06
274 136  1.2819637828642e-07
275 136 1.610170307591952e-07
69 137 1.42112029919848e-06
84 137 2.279205623013689e-05
88 137 1.626960198893987e-06
89 137 0.0002849811491412541
105 137 0.0001219927625537588
110 137 3.069640738081698e-06
111 137 9.822021510817019e-05
126 137 0.0001214811263005902
131 137 3.004578854076946e-06
132 137 5.884004639915168e-05
136 137  3.0599625215513e-06
137 137 9.804768622007591e-05
138 137 0.0001886377680550921
154 137 5.318139228838979e-06
159 137 8.427940507787333e-05
160 137 0.0001621186295866714
166 137 6.014962671226685e-05
167 137 9.15956407947047e-05
182 137 5.482221172693798e-06
187 137 8.447206347849754e-05
188 137 0.0001624552404186205
195 137 0.0001510757437525059
200 137 5.987914293935827e-05
201 137 9.17778478993294e-05
202 137 2.063730806737094e-05
223 137 3.570245614481193e-06
224 137 5.482221172693794e-06
230 137 3.092441626018519e-05
231 137 3.699466687747297e-05
259 137 3.542016972403307e-06
260 137 5.318139228838965e-06
266 137 3.104014849107786e-05
267 137 3.695417418246658e-05
274 137 4.107683732807553e-06
275 137 5.159327016842749e-06
69 138 2.734148777125304e-06
84 138 3.991396294001234e-05
88 138 3.130172189325867e-06
89 138 0.002839031538462671
105 138 0.0001973857279423219
110 138 5.905801553164574e-06
111 138 0.0001889697031127138
126 138 0.0001967529167046015
131 138 2.914865106860966e-07
132 138 5.302742179652171e-05
136 138 5.887181254864518e-06
137 138 0.0001886377680550921
138 138 0.002653672749534373
154 138 5.15934486143935e-07
159 138 0.000135450461924862
160 138 0.0002247949363668878
166 138 0.0001157242130822022
167 138  0.00017622442618693
182 138 5.318527481046538e-07
187 138 0.0001357130094381781
188 138 0.0002251427896864703
195 138 0.0002379877074881139
200 138 0.0001152038188007699
201 138 0.0001765749815428518
202 138 3.970492198822626e-05
223 138 3.463641618343128e-07
224 138 5.318527481046534e-07
230 138 2.621960319639474e-05
231 138 2.419051545510152e-05
259 138 3.436255855544709e-07
260 138 5.159344861439336e-07
266 138 2.649880883909074e-05
267 138 2.406082966273889e-05
274 138 3.985032367026872e-07
275 138 5.005274624719458e-07
69 154 7.70820393976756e-08
84 154 5.252625592964544e-06
88 154 8.82468642664017e-08
89 154 5.741631635623321e-06
105 154 4.469451555999416e-05
110 154 1.66498338277889e-07
111 154 5.327497253319258e-06
126 154 4.430809094701164e-05
131 154 3.306949879559808e-05
132 154 0.0001616339267493978
136 154 1.65973388582697e-07
137 154 5.318139228838979e-06
138 154 5.15934486143935e-07
154 154 0.0001920632151176249
159 154 3.181061710865866e-05
160 154 0.0001947258467288566
166 154 3.262535830784642e-06
167 154 4.96817813127774e-06
182 154 0.0001917292429020094
187 154 3.193137450362699e-05
188 154 0.0001950961438107161
193 154 1.983011741733578e-05
194 154 0.0001913631774900225
195 154 6.375758009322611e-05
200 154 3.247864700654751e-06
201 154 4.978061105453212e-06
202 154 1.11937447829593e-06
218 154 5.336023217253705e-05
223 154 0.0001372017278890685
224 154 0.000336975827482616
230 154 9.584552505479289e-05
231 154 0.0001452228304756971
254 154 5.375000349511161e-05
259 154 0.0001371715658843618
260 154 0.0003369951073069285
266 154 9.653350468705895e-05
267 154 0.0001452272682322562
273 154 1.252708055091243e-05
274 154  0.00025397152565722
275 154 3.584617424316252e-05
304 154 3.577659379072066e-05
305 154 6.219979188516435e-05
311 154 0.0001004017451252522
312 154 0.0001322641615099157
349 154 3.603537307655336e-05
350 154 6.181957300347273e-05
356 154 9.946724849324076e-05
357 154 0.0001325788539012188
372 154 5.302077618936619e-05
373 154 2.117354680785829e-05
411 154 5.794480842294795e-06
412 154 7.420414091507729e-06
466 154 5.706819245770995e-06
467 154  7.4108616506248e-06
492 154 1.314627658133729e-08
69 159 1.221560426134904e-06
84 159 2.440884183374965e-05
88 159 1.398495394785642e-06
89 159 0.0002182648877840006
105 159 0.0001505332404963335
110 159 2.638588478545427e-06
111 159 8.442770671157734e-05
126 159 0.0001496632485200898
131 159 1.237586818984727e-05
132 159 0.0001357221543644438
136 159 2.630269319135934e-06
137 159 8.427940507787335e-05
138 159 0.000135450461924862
154 159 3.181061710865866e-05
159 159 0.0001051160064118028
160 159 0.0002574596089004322
166 159 5.170315537673566e-05
167 159 7.873338384117478e-05
182 159 3.23015964636059e-05
187 159 0.0001054139165632406
188 159 0.0002581212632492352
194 159 8.13457404458537e-06
195 159 0.0001945350802390275
200 159 5.147065410778388e-05
201 159 7.889000463428827e-05
202 159 1.773932780446058e-05
223 159 2.189176246988424e-05
224 159 3.71602149740417e-05
230 159 7.444220541663313e-05
231 159 0.0001005910517075783
259 159 2.182283942854702e-05
260 159 3.664686225894267e-05
266 159 7.456013404597386e-05
267 159 0.0001006141352069587
274 159 3.21360740291402e-05
275 159 1.904538221913613e-05
311 159 3.721664517554604e-06
312 159 4.038904829727848e-06
356 159 3.615569206474566e-06
357 159 4.061278189879599e-06
69 160 2.349775749595243e-06
84 160 5.510046771531018e-05
88 160 2.690125264605631e-06
89 160 0.0003840955533786628
105 160 0.0003668110954822798
110 160 5.075550163052467e-06
111 160 0.0001624039004378282
126 160 0.0003644099553245209
131 160 5.583892849382169e-05
132 160 0.0004617925567941519
136 160 5.059547549821703e-06
137 160 0.0001621186295866714
138 160 0.0002247949363668879
154 160 0.0001947258467288567
159 160 0.0002574596089004322
160 160 0.0007517215256997508
166 160 9.945543264381374e-05
167 160 0.0001514503843407376
182 160 0.0001960648656279153
187 160 0.0002582564441256859
188 160 0.0007536509905149667
193 160 3.75605618970653e-06
194 160 9.543800489819133e-05
195 160 0.0004846583536157759
200 160 9.900819660714742e-05
201 160 0.0001517516578051252
202 160 3.412311122498557e-05
218 160 8.473881113069905e-06
223 160 0.0001361501066074854
224 160 0.0002591866901607268
230 160 0.0002593328132764482
231 160 0.0003655229011411759
254 160 8.565570744517543e-06
259 160 0.0001360032972170711
260 160 0.0002576341858281153
266 160 0.0002600229167438313
267 160 0.0003656382243554779
274 160 0.0002244655829503493
275 160 7.651074483242216e-05
304 160 5.554637260289088e-06
305 160 8.565570744517537e-06
311 160  4.6139704039727e-05
312 160 5.475723147964448e-05
349 160 5.608661067410668e-06
350 160 8.473881113069894e-06
356 160 4.520878958028003e-05
357 160 5.49707169131972e-05
372 160 7.407242137993221e-06
373 160 4.061596341430028e-06
69 166 8.718192015071847e-07
84 166 1.39823154130385e-05
88 166 9.98096461139652e-07
89 166 0.0001748282942894112
105 166 7.483928904488856e-05
110 166 1.883142291822646e-06
111 166 6.025546855939275e-05
126 166 7.45254139211913e-05
131 166 1.843228570377975e-06
132 166 3.609679088905169e-05
136 166 1.877204965466599e-06
137 166 6.014962671226686e-05
138 166 0.0001157242130822022
154 166 3.262535830784642e-06
159 166 5.170315537673565e-05
160 166 9.945543264381374e-05
166 166 3.690018329962631e-05
167 166 5.619146983138369e-05
182 166   3.363195704093e-06
187 166 5.182134614010071e-05
188 166 9.966193436424802e-05
195 166 9.268091825843268e-05
200 166 3.673424875696246e-05
201 166 5.630324900486565e-05
202 166 1.26604351867331e-05
223 166 2.190249961637344e-06
224 166 3.363195704092998e-06
230 166 1.897130025250946e-05
231 166 2.269523625504009e-05
259 166 2.172932446568524e-06
260 166 3.262535830784634e-06
266 166 1.904229887323313e-05
267 166 2.267039507231457e-05
274 166 2.519953837827893e-06
275 166 3.165108796683284e-06
69 167 1.327603225223223e-06
84 167 2.12922209173037e-05
88 167 1.519897793719294e-06
89 167 0.000266227913950097
105 167 0.0001139650071226244
110 167 2.867642483505673e-06
111 167 9.175681638864094e-05
126 167 0.0001134870391840686
131 167 2.806862008346375e-06
132 167 5.496806668362687e-05
136 167 2.858601143734922e-06
137 167 9.159564079470471e-05
138 167  0.00017622442618693
154 167 4.968178131277741e-06
159 167 7.873338384117478e-05
160 167 0.0001514503843407376
166 167 5.619146983138369e-05
167 167 8.55681733657751e-05
182 167 5.121462633642118e-06
187 167 7.891336432148969e-05
188 167 0.0001517648444370383
195 167 0.0001411341775724024
200 167 5.593878529124553e-05
201 167 8.573839029948209e-05
202 167 1.927926634051994e-05
223 167 3.335304967002167e-06
224 167 5.121462633642115e-06
230 167 2.888942954957632e-05
231 167 3.45602262456546e-05
259 167 3.308933915735494e-06
260 167 4.968178131277728e-06
266 167 2.899754600043699e-05
267 167 3.452239817964302e-05
274 167 3.837376874391287e-06
275 167 4.819816585129998e-06
69 182 7.946027176738841e-08
84 182 5.342365637470447e-06
88 182 9.096956790481034e-08
89 182 5.918779701729344e-06
105 182 4.538784593138936e-05
110 182 1.716353551587346e-07
111 182 5.49186792275671e-06
126 182 4.499595728236532e-05
131 182 3.311704708067588e-05
132 182 0.0001624470827636983
136 182 1.710942090529737e-07
137 182 5.482221172693799e-06
138 182 5.318527481046538e-07
154 182 0.0001917292429020094
159 182 3.230159646360591e-05
160 182 0.0001960648656279153
166 182   3.363195704093e-06
167 182 5.121462633642118e-06
182 182 0.0001914031728150394
187 182 3.242409337367422e-05
188 182 0.0001964396198807236
193 182 1.968136888227173e-05
194 182 0.0001904207895613864
195 182 6.469941161735462e-05
200 182 3.348071921738962e-06
201 182 5.13165052981079e-06
202 182 1.153910832535074e-06
218 182  5.2941306332347e-05
223 182 0.0001369475487252584
224 182 0.0003358576645609972
230 182 9.628748705340129e-05
231 182 0.0001458278616151806
254 182 5.332835804795194e-05
259 182 0.0001369174785645001
260 182 0.0003358701486635578
266 182 9.697435485168162e-05
267 182 0.0001458329455691531
273 182 1.240599813053489e-05
274 182 0.0002533684434460254
275 182 3.595854683439006e-05
304 182 3.54942655100484e-05
305 182 6.169647371100437e-05
311 182 9.98746708762284e-05
312 182 0.0001315204425246057
349 182 3.575116088456876e-05
350 182 6.131888210569839e-05
356 182 9.89409601724813e-05
357 182 0.0001318340285090152
372 182 5.259294234586453e-05
373 182 2.101530472426593e-05
411 182 5.73847339807307e-06
412 182 7.348690939832308e-06
466 182 5.651659108169366e-06
467 182 7.339230829533343e-06
492 182 1.301920922666104e-08
69 187 1.224352850663145e-06
84 187 2.447313520108473e-05
88 187 1.401692283584165e-06
89 187 0.0002187167448305282
105 187 0.0001509578988437817
110 187 2.644620156577709e-06
111 187 8.46207041221356e-05
126 187 0.0001500851593942161
131 187 1.242143036431261e-05
132 187 0.000136182571824853
136 187 2.636281979996169e-06
137 187 8.447206347849754e-05
138 187 0.0001357130094381782
154 187 3.193137450362699e-05
159 187 0.0001054139165632406
160 187 0.0002582564441256859
166 187 5.182134614010071e-05
167 187 7.891336432148969e-05
182 187 3.242409337367422e-05
187 187 0.0001057127410600555
188 187 0.0002589202676021689
194 187 8.167515628941473e-06
195 187 0.0001950938384425589
200 187 5.158831338516397e-05
201 187 7.90703431417093e-05
202 187 1.777987899866749e-05
223 187 2.197500245647642e-05
224 187 3.730238723412076e-05
230 187  7.4696784314984e-05
231 187 0.000100942320043954
259 187 2.190584309980294e-05
260 187 3.678720440127597e-05
266 187 7.481501505857766e-05
267 187 0.0001009655584075343
274 187 3.22599844035855e-05
275 187 1.911468656672965e-05
311 187 3.736735684769775e-06
312 187 4.055260686030282e-06
356 187 3.630210732552958e-06
357 187 4.077724648827818e-06
69 188 2.354654645820691e-06
84 188 5.523361254101856e-05
88 188 2.695710836761496e-06
89 188 0.0003847741664225228
105 188 0.0003677503650797636
110 188 5.086088650623824e-06
111 188 0.0001627411035845458
126 188 0.0003653425659876591
131 188 5.596820612224359e-05
132 188 0.0004629918306142477
136 188 5.070052810780137e-06
137 188 0.0001624552404186205
138 188 0.0002251427896864703
154 188 0.0001950961438107161
159 188 0.0002581212632492352
160 188 0.0007536509905149668
166 188 9.966193436424802e-05
167 188 0.0001517648444370383
182 188 0.0001964396198807236
187 188 0.0002589202676021689
188 188 0.0007555858665344564
193 188 3.75784399300853e-06
194 188 9.556213316315434e-05
195 188 0.0004859145247900559
200 188 9.921376972058099e-05
201 188 0.0001520667434428072
202 188 3.419396186619453e-05
218 188 8.477914501248767e-06
223 188 0.0001364064692146616
224 188 0.0002596384960752001
230 188 0.000260001127330373
231 188 0.0003664603289798254
254 188 8.569647775021649e-06
259 188 0.0001362590831810083
260 188 0.0002580812164954087
266 188 0.0002606920439977197
267 188 0.0003665761600216559
274 188 0.0002248600478948183
275 188 7.670217121469371e-05
304 188 5.557281150138919e-06
305 188 8.569647775021642e-06
311 188 4.619767257078578e-05
312 188 5.482237106330091e-05
349 188 5.611330671450032e-06
350 188 8.477914501248757e-06
356 188 4.526528854635848e-05
357 188 5.503617457308469e-05
372 188 7.410767828580416e-06
373 188 4.063529575381773e-06
131 193 1.388134184397406e-06
132 193 3.755677515013842e-06
154 193 1.983011741733578e-05
160 193 3.75605618970653e-06
182 193 1.968136888227173e-05
188 193 3.75784399300853e-06
193 193 1.006713336861346e-05
194 193 4.813433457916456e-05
195 193 7.052872350575478e-08
218 193 3.929269400419122e-05
223 193 1.454586670227579e-05
224 193 6.253404322744751e-05
230 193 2.330394609112237e-06
231 193 3.687315269502776e-06
254 193 3.937710032589849e-05
259 193 1.451462812562166e-05
260 193 6.260187415634011e-05
266 193 2.359009349866223e-06
267 193 3.685527466200773e-06
272 193 1.085947309637721e-06
273 193 2.817782760314324e-05
274 193 2.961386479728461e-05
275 193 1.004255167470373e-06
299 193 3.461162936391856e-06
304 193 2.747763423543798e-05
305 193 5.948406424782286e-05
311 193 2.828510804466452e-05
312 193 4.083025258521974e-05
344 193 3.456609696742692e-06
349 193 2.754612944540178e-05
350 193 5.940989227597913e-05
356 193 2.833643993806373e-05
357 193 4.091117019139122e-05
372 193 4.707631753382397e-05
373 193 1.042871755734824e-05
404 193 2.177549519701492e-06
405 193 3.456609696742691e-06
411 193 1.366078134989021e-05
412 193 1.799751105019024e-05
459 193 2.215526432643579e-06
460 193 3.461162936391852e-06
466 193 1.350560116948527e-05
467 193 1.798727670032673e-05
491 193 3.307128642707346e-06
492 193  1.1082421378299e-06
84 194 1.199426785924699e-06
105 194 1.137126318485123e-05
126 194 1.126415113607271e-05
131 194 2.259250349524222e-05
132 194 8.722451524552648e-05
154 194 0.0001913631774900224
159 194 8.134574044585372e-06
160 194 9.543800489819134e-05
182 194 0.0001904207895613864
187 194 8.167515628941473e-06
188 194 9.556213316315435e-05
193 194 4.813433457916457e-05
194 194   0.0003028195099857
195 194 1.734250196964323e-05
218 194 0.0001609192113191605
223 194 0.0001385691914074764
224 194 0.0004422240422297699
230 194 5.288483448285076e-05
231 194 8.195103089626202e-05
254 194  0.00016157017597932
259 194 0.0001384213765970652
260 194 0.0004427015475943745
266 194 5.339247716519068e-05
267 194 8.19340146800775e-05
272 194  2.6192472336421e-06
273 194 8.588260371694368e-05
274 194 0.0002701186539804441
275 194 2.129263548455605e-05
299 194 8.348141172110179e-06
304 194 0.0001107770159951679
305 194 0.0002221539819050715
311 194 0.0001690575622532851
312 194 0.0002356177806332072
344 194 8.337158999909615e-06
349 194 0.0001112474823082903
350 194 0.0002215413661033035
356 194 0.0001686024087954942
357 194 0.0002360826631972388
372 194 0.000180488854361218
373 194 5.056105053422385e-05
404 194 5.252133786766833e-06
405 194 8.337158999909611e-06
411 194 4.123770988190123e-05
412 194 5.402346414721865e-05
459 194 5.343732083740387e-06
460 194 8.348141172110169e-06
466 194 4.073802927331134e-05
467 194 5.398511528882724e-05
491 194 7.976618636865111e-06
492 194 2.691826075193253e-06
69 195 2.189718232425087e-06
84 195 4.465495940740595e-05
88 195 2.506884472030572e-06
89 195 0.0003864373906407875
105 195 0.0002783786528810618
110 195 4.72982357296799e-06
111 195 0.0001513415830710303
126 195 0.0002767387076771371
131 195 2.430594204633804e-05
132 195 0.0002602739906546385
136 195 4.71491099504906e-06
137 195 0.0001510757437525059
138 195 0.0002379877074881139
154 195 6.375758009322611e-05
159 195 0.0001945350802390275
160 195 0.0004846583536157759
166 195 9.268091825843268e-05
167 195 0.0001411341775724024
182 195 6.469941161735462e-05
187 195 0.000195093838442559
188 195 0.0004859145247900559
193 195 7.052872350575477e-08
194 195 1.734250196964323e-05
195 195 0.0003608274251868868
200 195 9.226414618822365e-05
201 195 0.0001414149294688457
202 195 3.179877858952745e-05
218 195 1.591169002429223e-07
223 195 4.392953125896011e-05
224 195 7.51726326753148e-05
230 195 0.0001430510431371988
231 195 0.0001942225113368306
254 195 1.608385871235492e-07
259 195 4.379878414523613e-05
260 195 7.418402250643992e-05
266 195 0.0001432739991028765
267 195 0.000194274206548951
274 195 6.509966232665998e-05
275 195 3.715638563458155e-05
304 195 1.043012819082192e-07
305 195 1.608385871235491e-07
311 195 7.980887892218355e-06
312 195 8.749153444412132e-06
349 195 1.053157050059481e-07
350 195 1.591169002429221e-07
356 195 7.760591061763461e-06
357 195 8.795932089158435e-06
372 195 1.390882634084124e-07
373 195 7.626595314035634e-08
69 200 8.678987624320455e-07
84 200 1.391943905563385e-05
88 200 9.936081723290301e-07
89 200 0.0001740421178950542
105 200 7.450274808247344e-05
110 200 1.874674085786182e-06
111 200 5.99845088317076e-05
126 200 7.419028440772974e-05
131 200 1.834939850309376e-06
132 200 3.59344690805346e-05
136 200 1.868763458688659e-06
137 200 5.987914293935827e-05
138 200 0.0001152038188007699
154 200 3.247864700654751e-06
159 200 5.147065410778387e-05
160 200 9.900819660714742e-05
166 200 3.673424875696246e-05
167 200 5.593878529124552e-05
182 200 3.348071921738962e-06
187 200 5.158831338516398e-05
188 200 9.921376972058097e-05
195 200 9.226414618822365e-05
200 200 3.656906039683721e-05
201 200 5.60500618106924e-05
202 200 1.260350312475451e-05
223 200 2.180400738863768e-06
224 200 3.348071921738959e-06
230 200 1.888598918493081e-05
231 200 2.259317921055202e-05
259 200 2.163161098040713e-06
260 200 3.247864700654743e-06
266 200 1.895666853559656e-05
267 200 2.256844973486765e-05
274 200 2.508621986595105e-06
275 200 3.150875781188635e-06
69 201 1.330244166840745e-06
84 201 2.133457657845429e-05
88 201 1.52292125830687e-06
89 201 0.0002667575092119484
105 201 0.0001141917126055075
110 201 2.873346956223862e-06
111 201 9.193934411265378e-05
126 201 0.0001137127938667451
131 201 2.812445573188376e-06
132 201 5.50774121960371e-05
136 201 2.864287630920968e-06
137 201 9.177784789932941e-05
138 201 0.0001765749815428518
154 201 4.978061105453212e-06
159 201 7.889000463428827e-05
160 201 0.0001517516578051252
166 201 5.630324900486565e-05
167 201 8.573839029948209e-05
182 201 5.131650529810792e-06
187 201 7.907034314170932e-05
188 201 0.0001520667434428072
195 201 0.0001414149294688457
200 201 5.60500618106924e-05
201 201 8.590894583810936e-05
202 201 1.931761772131401e-05
223 201 3.341939739746865e-06
224 201 5.131650529810787e-06
230 201 2.89468979974939e-05
231 201 3.462897535538035e-05
259 201 3.315516229729366e-06
260 201  4.9780611054532e-06
266 201 2.90552295195665e-05
267 201 3.459107203969181e-05
274 201 3.845010396287855e-06
275 201 4.829404430328517e-06
69 202 2.991207497699042e-07
84 202 4.79732571000605e-06
88 202 3.424464169665576e-07
89 202 5.998350389442662e-05
105 202 2.567732416612661e-05
110 202 6.461052168610253e-07
111 202 2.067362235434076e-05
126 202 2.556963376177197e-05
131 202 6.324108381825137e-07
132 202 1.238479163610347e-05
136 202 6.440681230367791e-07
137 202 2.063730806737094e-05
138 202 3.970492198822626e-05
154 202 1.11937447829593e-06
159 202 1.773932780446058e-05
160 202 3.412311122498557e-05
166 202 1.26604351867331e-05
167 202 1.927926634051994e-05
182 202 1.153910832535074e-06
187 202 1.777987899866749e-05
188 202 3.419396186619453e-05
195 202 3.179877858952745e-05
200 202 1.260350312475451e-05
201 202 1.931761772131401e-05
202 202 4.343789238550824e-06
223 202 7.514737110353341e-07
224 202 1.153910832535073e-06
230 202 6.50904401489468e-06
231 202 7.786724670753604e-06
259 202 7.455320799235375e-07
260 202 1.119374478295927e-06
266 202 6.533403607602408e-06
267 202 7.778201672878374e-06
274 202 8.64594952776358e-07
275 202 1.085947309637709e-06
131 218 3.355074558757708e-06
132 218 8.473026800949877e-06
154 218 5.336023217253705e-05
160 218 8.473881113069905e-06
182 218  5.2941306332347e-05
188 218 8.477914501248767e-06
193 218 3.929269400419124e-05
194 218 0.0001609192113191605
195 218 1.591169002429223e-07
218 218 0.0001833557146993996
223 218 3.922048831995907e-05
224 218 0.0002019417764218182
230 218 5.257505709918315e-06
231 218 8.318797601005847e-06
254 218 0.0001835231189137655
259 218  3.9128330489818e-05
260 218 0.0002020439264472318
266 218 5.322062228506908e-06
267 218 8.314764212826978e-06
272 218 1.520916859107187e-05
273 218 0.0001899982243703013
274 218 8.035209861121143e-05
275 218 2.265658037718268e-06
299 218 5.200544981341282e-05
304 218 0.0001312219174508829
305 218 0.0003265211339582416
311 218 9.771770528210632e-05
312 218 0.0001433253399145026
344 218 5.193913302099606e-05
349 218   0.0001311859980138
350 218 0.0003262950457725695
356 218 9.811728945206249e-05
357 218 0.0001436421157292791
371 218 9.990017802852006e-06
372 218 0.0002360137298943111
373 218 4.027413777520033e-05
404 218 3.347224097306147e-05
405 218 5.924920919671651e-05
411 218 9.639787395099093e-05
412 218 0.0001300408226393504
459 218 3.394739646237431e-05
460 218 5.936911396879629e-05
466 218 9.559977087628524e-05
467 218 0.0001300995066106568
491 218 5.285553488749838e-05
492 218 1.489792889079419e-05
532 218 4.888640022976532e-06
533 218 6.71859811224901e-06
598 218 4.875524187048634e-06
599 218 6.665010132585955e-06
634 218 4.192124503076758e-07
69 223 5.174776388374061e-08
84 223 3.605329568112936e-06
88 223 5.924308608363009e-08
89 223 3.854550301332719e-06
105 223 3.075451705881666e-05
110 223 1.117759307299695e-07
111 223 3.576527970851208e-06
126 223 3.04880364689532e-05
131 223 2.337535957625754e-05
132 223 0.0001133930478065571
136 223 1.114235143552874e-07
137 223 3.570245614481193e-06
138 223 3.463641618343128e-07
154 223 0.0001372017278890685
159 223 2.189176246988424e-05
160 223 0.0001361501066074854
166 223 2.190249961637344e-06
167 223 3.335304967002167e-06
182 223 0.0001369475487252584
187 223 2.197500245647642e-05
188 223 0.0001364064692146616
193 223 1.454586670227579e-05
194 223 0.0001385691914074763
195 223 4.392953125896011e-05
200 223 2.180400738863768e-06
201 223 3.341939739746865e-06
202 223 7.514737110353341e-07
218 223 3.922048831995907e-05
223 223 9.805282833584907e-05
224 223 0.0002424016441360049
230 223 6.729246915359707e-05
231 223 0.0001020438844219788
254 223 3.950552565942719e-05
259 223 9.80294774963424e-05
260 223 0.0002424295062284155
266 223 6.77811905724519e-05
267 223 0.0001020461546660915
273 223 9.304385197444123e-06
274 223 0.0001818250110766722
275 223 2.523649922508634e-05
304 223 2.63024517992907e-05
305 223 4.578153591564093e-05
311 223 7.282141065548391e-05
312 223 9.610971351860875e-05
349 223 2.649202889799598e-05
350 223 4.550359357242427e-05
356 223 7.21585345538643e-05
357 223 9.633603059000832e-05
372 223 3.902026821534383e-05
373 223 1.552881862261005e-05
411 223 4.303802594451614e-06
412 223 5.511451032132263e-06
466 223 4.238692670573863e-06
467 223 5.504356035880795e-06
492 223 9.764287914313115e-09
69 224 7.946027176738836e-08
84 224 6.05875928661121e-06
88 224 9.096956790481026e-08
89 224 5.91877970172934e-06
105 224 5.217967418129391e-05
110 224 1.716353551587345e-07
111 224 5.491867922756706e-06
126 224 5.172380964612837e-05
131 224 4.883728991892072e-05
132 224 0.000220662537209799
136 224 1.710942090529736e-07
137 224 5.482221172693794e-06
138 224 5.318527481046534e-07
154 224 0.0003369758274826159
159 224 3.71602149740417e-05
160 224 0.0002591866901607268
166 224 3.363195704092998e-06
167 224 5.121462633642114e-06
182 224 0.0003358576645609973
187 224 3.730238723412076e-05
188 224 0.0002596384960752001
193 224 6.253404322744752e-05
194 224 0.0004422240422297698
195 224 7.51726326753148e-05
200 224 3.348071921738959e-06
201 224 5.131650529810787e-06
202 224 1.153910832535073e-06
218 224 0.0002019417764218182
223 224 0.000242401644136005
224 224 0.0006931112639614281
230 224 0.0001316707521223265
231 224 0.0002007822072235339
254 224 0.0002028554605106621
259 224 0.0002422358044567743
260 224 0.0006935248186911789
266 224 0.0001327074381316817
267 224 0.0002007742154019829
272 224 2.867145370848545e-06
273 224 9.921752045980188e-05
274 224 0.0004608193055764192
275 224 5.031214307343314e-05
299 224 9.138249344840741e-06
304 224 0.0001385004741135455
305 224 0.0002726851566841774
311 224 0.0002421219142619486
312 224 0.0003315298443060023
344 224 9.126227767120899e-06
349 224 0.0001391460666817073
350 224 0.0002718174212122966
356 224 0.0002409621076122334
357 224 0.0003322344524978706
372 224 0.0002227675244686502
373 224 6.587912654697242e-05
404 224 5.749220951878805e-06
405 224 9.126227767120896e-06
411 224 4.754897904486845e-05
412 224 6.222061788963366e-05
459 224 5.849488551581546e-06
460 224 9.13824934484073e-06
466 224 4.696557186497522e-05
467 224 6.217466927267055e-05
491 224 8.731564132611796e-06
492 224 2.952057350886676e-06
69 230 4.482238937242174e-07
84 230 1.424556601455725e-05
88 230 5.13146167635412e-07
89 230 5.660647855758073e-05
105 230 0.000105380350783848
110 230 9.681701997596309e-07
111 230 3.097883218123363e-05
126 230 0.0001045887786340723
131 230 2.489110426554084e-05
132 230 0.0001784695478039998
136 230 9.651176728905069e-07
137 230 3.092441626018519e-05
138 230 2.621960319639474e-05
154 230 9.584552505479289e-05
159 230 7.444220541663313e-05
160 230 0.0002593328132764482
166 230 1.897130025250946e-05
167 230 2.888942954957631e-05
182 230 9.628748705340129e-05
187 230  7.4696784314984e-05
188 230 0.0002600011273303731
193 230 2.330394609112237e-06
194 230 5.288483448285076e-05
195 230 0.0001430510431371988
200 230 1.888598918493081e-05
201 230 2.894689799749389e-05
202 230 6.50904401489468e-06
218 230 5.257505709918315e-06
223 230 6.729246915359707e-05
224 230 0.0001316707521223265
230 230 0.0001016951574309454
231 230 0.0001469831034324215
254 230 5.314393310115202e-06
259 230 6.725618138553258e-05
260 230 0.000131113741589647
266 230 0.0001020267467464865
267 230 0.000147038386727492
274 230 0.000114094490625217
275 230 3.243805798228049e-05
304 230 3.44630007464373e-06
305 230 5.314393310115198e-06
311 230 2.573144411004145e-05
312 230 3.083127218322597e-05
349 230 3.479818420089379e-06
350 230 5.257505709918309e-06
356 230 2.523640891321607e-05
357 230 3.094632071729701e-05
372 230 4.595723885620868e-06
373 230 2.519962892034918e-06
69 231 5.362071670274424e-07
84 231 1.874288507733583e-05
88 231 6.138732376192084e-07
89 231 6.054212584529342e-05
105 231 0.0001421923751719055
110 231 1.158215363531959e-06
111 231 3.705976427026062e-05
126 231 0.0001410935178589933
131 231 3.693944506709883e-05
132 231 0.0002571465340653691
136 231 1.154563646593872e-06
137 231 3.699466687747298e-05
138 231 2.419051545510153e-05
154 231 0.0001452228304756971
159 231 0.0001005910517075784
160 231 0.0003655229011411759
