%%MatrixMarket matrix coordinate real general
21 21 61
1 1  0.01047197566801056
2 1 0.005235987834005292
1 2 0.005235987834005292
2 2  0.02094395133602112
3 2 0.005235987834005292
2 3 0.005235987834005292
3 3  0.02094395211624409
4 3 0.005235988224116779
3 4 0.005235988224116779
4 4  0.02094395133602112
5 4 0.005235987443893804
4 5 0.005235987443893804
5 5  0.02094394977557517
6 5 0.005235987443893804
5 6 0.005235987443893804
6 6  0.02094395289646707
7 6 0.005235989004339756
6 7 0.005235989004339756
7 7  0.02094394977557517
8 7 0.005235985883447852
7 8 0.005235985883447852
8 8  0.02094394977557517
9 8 0.005235989004339756
8 9 0.005235989004339756
9 9  0.02094394977557517
10 9 0.005235985883447852
9 10 0.005235985883447852
10 10  0.02094394977557517
11 10 0.005235989004339756
10 11 0.005235989004339756
11 11  0.02094395601735898
12 11 0.005235989004339756
11 12 0.005235989004339756
12 12  0.02094395601735898
13 12 0.005235989004339756
12 13 0.005235989004339756
13 13  0.02094394353379136
14 13  0.00523598276255595
13 14  0.00523598276255595
14 14  0.02094394353379136
15 14 0.005235989004339756
14 15 0.005235989004339756
15 15  0.02094395601735898
16 15 0.005235989004339756
15 16 0.005235989004339756
16 16  0.02094395601735898
17 16 0.005235989004339756
16 17 0.005235989004339756
17 17  0.02094395601735898
18 17 0.005235989004339756
17 18 0.005235989004339756
18 18  0.02094394353379136
19 18  0.00523598276255595
18 19  0.00523598276255595
19 19  0.02094394353379136
20 19 0.005235989004339756
19 20 0.005235989004339756
20 20  0.02094395601735898
21 20 0.005235989004339756
20 21 0.005235989004339756
21 21  0.01047197800867949
