%%MatrixMarket matrix coordinate real general
21 21 61
1 1   0.3333333383003867
2 1   0.1666666691501937
1 2   0.1666666691501937
2 2   0.6666666766007734
3 2   0.1666666691501937
2 3   0.1666666691501937
3 3   0.6666667014360419
4 3    0.166666681567828
3 4    0.166666681567828
4 4   0.6666666766007734
5 4   0.1666666567325594
4 5   0.1666666567325594
5 5   0.6666666269302359
6 5   0.1666666567325594
5 6   0.1666666567325594
6 6   0.6666667262713106
7 6   0.1666667064030967
6 7   0.1666667064030967
7 7   0.6666666269302359
8 7   0.1666666070620221
7 8   0.1666666070620221
8 8   0.6666666269302359
9 8   0.1666667064030967
8 9   0.1666667064030967
9 9   0.6666666269302359
10 9   0.1666666070620221
9 10   0.1666666070620221
10 10   0.6666666269302359
11 10   0.1666667064030967
10 11   0.1666667064030967
11 11   0.6666668256123853
12 11   0.1666667064030967
11 12   0.1666667064030967
12 12   0.6666668256123853
13 12   0.1666667064030967
12 13   0.1666667064030967
13 13   0.6666664282480868
14 13   0.1666665077209474
13 14   0.1666665077209474
14 14   0.6666664282480868
15 14   0.1666667064030967
14 15   0.1666667064030967
15 15   0.6666668256123853
16 15   0.1666667064030967
15 16   0.1666667064030967
16 16   0.6666668256123853
17 16   0.1666667064030967
16 17   0.1666667064030967
17 17   0.6666668256123853
18 17   0.1666667064030967
17 18   0.1666667064030967
18 18   0.6666664282480868
19 18   0.1666665077209474
18 19   0.1666665077209474
19 19   0.6666664282480868
20 19   0.1666667064030967
19 20   0.1666667064030967
20 20   0.6666668256123853
21 20   0.1666667064030967
20 21   0.1666667064030967
21 21   0.3333334128061926
