%%MatrixMarket matrix coordinate real general
21 21 61
1 1    6.666666766007734
2 1    3.333333383003874
1 2    3.333333383003874
2 2    13.33333353201547
3 2    3.333333383003874
2 3    3.333333383003874
3 3    13.33333402872084
4 3    3.333333631356561
3 4    3.333333631356561
4 4    13.33333353201547
5 4    3.333333134651188
4 5    3.333333134651188
5 5    13.33333253860472
6 5    3.333333134651188
5 6    3.333333134651188
6 6    13.33333452542621
7 6    3.333334128061934
6 7    3.333334128061934
7 7    13.33333253860472
8 7    3.333332141240442
7 8    3.333332141240442
8 8    13.33333253860472
9 8    3.333334128061934
8 9    3.333334128061934
9 9    13.33333253860472
10 9    3.333332141240442
9 10    3.333332141240442
10 10    13.33333253860472
11 10    3.333334128061934
10 11    3.333334128061934
11 11    13.33333651224771
12 11    3.333334128061934
11 12    3.333334128061934
12 12    13.33333651224771
13 12    3.333334128061934
12 13    3.333334128061934
13 13    13.33332856496174
14 13    3.333330154418949
13 14    3.333330154418949
14 14    13.33332856496174
15 14    3.333334128061934
14 15    3.333334128061934
15 15    13.33333651224771
16 15    3.333334128061934
15 16    3.333334128061934
16 16    13.33333651224771
17 16    3.333334128061934
16 17    3.333334128061934
17 17    13.33333651224771
18 17    3.333334128061934
17 18    3.333334128061934
18 18    13.33332856496174
19 18    3.333330154418949
18 19    3.333330154418949
19 19    13.33332856496174
20 19    3.333334128061934
19 20    3.333334128061934
20 20    13.33333651224771
21 20    3.333334128061934
20 21    3.333334128061934
21 21    6.666668256123852
