%%MatrixMarket matrix coordinate real general
21 21 61
1 1    19.99999970197678
2 1   -19.99999970197678
1 2   -19.99999970197678
2 2    39.99999940395355
3 2   -19.99999970197678
2 3   -19.99999970197678
3 3    39.99999791383759
4 3   -19.99999821186081
3 4   -19.99999821186081
4 4    39.99999940395377
5 4   -20.00000119209296
4 5   -20.00000119209296
5 5    40.00000238418591
6 5   -20.00000119209296
5 6   -20.00000119209296
6 6    39.99999642372251
7 6   -19.99999523162955
6 7   -19.99999523162955
7 7    40.00000238418947
8 7   -20.00000715255992
7 8   -20.00000715255992
8 8    40.00000238418947
9 8   -19.99999523162955
8 9   -19.99999523162955
9 9    40.00000238418947
10 9   -20.00000715255992
9 10   -20.00000715255992
10 10    40.00000238418947
11 10   -19.99999523162955
10 11   -19.99999523162955
11 11     39.9999904632591
12 11   -19.99999523162955
11 12   -19.99999523162955
12 12     39.9999904632591
13 12   -19.99999523162955
12 13   -19.99999523162955
13 13    40.00001430513406
14 13   -20.00001907350451
13 14   -20.00001907350451
14 14    40.00001430513406
15 14   -19.99999523162955
14 15   -19.99999523162955
15 15     39.9999904632591
16 15   -19.99999523162955
15 16   -19.99999523162955
16 16     39.9999904632591
17 16   -19.99999523162955
16 17   -19.99999523162955
17 17     39.9999904632591
18 17   -19.99999523162955
17 18   -19.99999523162955
18 18    40.00001430513406
19 18   -20.00001907350451
18 19   -20.00001907350451
19 19    40.00001430513406
20 19   -19.99999523162955
19 20   -19.99999523162955
20 20     39.9999904632591
21 20   -19.99999523162955
20 21   -19.99999523162955
21 21    19.99999523162955
